lcc:
[(1
)
0.0 1.0

(2
0 1)
0.5 0.0 1.0 0.5]


sd:
[(1
)
2

(2
0 1)
3]


The optimal value is: 0.380696
-----------------------------

lcc:
[(1
)
0.0 1.0

(2
0 1)
0.5 0.0 1.0 0.5

(2
0 1)
0.0 1.0 1.0 0.5]


sd:
[(1
)
2

(2
0 1)
3]


The optimal value is: 0.362867
-----------------------------

lcc:
[(1
)
0.0 1.0

(2
0 1)
0.5 0.0 1.0 0.5

(2
0 1)
0.0 1.0 0.0 0.5]


sd:
[(1
)
2

(2
0 1)
3]


The optimal value is: 0.380696
-----------------------------

lcc:
[(1
)
0.0 1.0

(2
0 1)
0.5 0.0 1.0 0.5

(2
0 1)
0.0 0.5 0.0 0.5]


sd:
[(1
)
2

(2
0 1)
3]


The optimal value is: 0.380696
-----------------------------

lcc:
[(1
)
0.0 1.0

(2
0 1)
0.5 0.0 1.0 0.5

(2
0 1)
0.0 0.5 0.0 0.5]


sd:
[(1
)
2

(2
0 1)
3]


The optimal value is: 0.380696
-----------------------------

lcc:
[(1
)
0.0 1.0

(2
0 1)
0.5 0.0 1.0 0.5

(2
0 1)
0.0 1.0 1.0 0.5]


sd:
[(1
)
2

(2
0 1)
3]


The optimal value is: 0.362867
-----------------------------

lcc:
[(1
)
0.0 1.0

(2
0 1)
0.5 0.0 1.0 0.5

(2
0 1)
0.0 1.0 1.0 0.5

(2
0 1)
0.0 0.5 0.5 0.5]


sd:
[(1
)
2

(2
0 1)
3]


The optimal value is: 0.362867
-----------------------------

lcc:
[(1
)
0.0 1.0

(2
0 1)
0.5 0.0 1.0 0.5

(2
0 1)
0.0 1.0 1.0 0.5

(2
0 1)
0.0 0.5 0.5 0.5

(2
)
0.0 1.0 1.0 0.5]


sd:
[(1
)
2

(2
0 1)
3]


The optimal value is: 0.362867
-----------------------------

lcc:
[(1
)
0.0 1.0

(2
0 1)
0.5 0.0 1.0 0.5

(2
0 1)
0.0 1.0 1.0 0.5

(2
0 1)
0.0 0.5 0.5 0.5

(2
)
0.0 1.0 1.0 0.5

(2
)
0.0 0.0 1.0 0.0]


sd:
[(1
)
2

(2
0 1)
3]


The optimal value is: 0.362867
-----------------------------

lcc:
[(1
)
0.0 1.0

(2
0 1)
0.5 0.0 1.0 0.5

(2
0 1)
0.0 1.0 1.0 0.5

(2
0 1)
0.0 0.5 0.5 0.5

(2
)
0.0 1.0 1.0 0.5

(2
)
0.0 0.0 1.0 0.0

(2
0 1)
0.0 0.5 1.0 0.0]


sd:
[(1
)
2

(2
0 1)
3]


The optimal value is: 0.362867
-----------------------------

lcc:
[(1
)
0.0 1.0

(2
0 1)
0.0 0.0 0.0 0.0
(2
0 1)
0.0 0.0 0.5 0.0
(2
0 1)
0.0 0.0 1.0 0.0
(2
0 1)
0.0 0.5 0.0 0.0
(2
0 1)
0.0 0.5 0.5 0.0
(2
0 1)
0.0 0.5 1.0 0.0
(2
0 1)
0.0 1.0 0.0 0.0
(2
0 1)
0.0 1.0 0.5 0.0
(2
0 1)
0.0 1.0 1.0 0.0
(2
0 1)
0.5 0.0 0.0 0.0
(2
0 1)
0.5 0.0 0.5 0.0
(2
0 1)
0.5 0.0 1.0 0.0
(2
0 1)
0.5 0.5 0.0 0.0
(2
0 1)
0.5 0.5 0.5 0.0
(2
0 1)
0.5 0.5 1.0 0.0
(2
0 1)
0.5 1.0 0.0 0.0
(2
0 1)
0.5 1.0 0.5 0.0
(2
0 1)
0.5 1.0 1.0 0.0
(2
0 1)
1.0 0.0 0.0 0.0
(2
0 1)
1.0 0.0 0.5 0.0
(2
0 1)
1.0 0.0 1.0 0.0
(2
0 1)
1.0 0.5 0.0 0.0
(2
0 1)
1.0 0.5 0.5 0.0
(2
0 1)
1.0 0.5 1.0 0.0
(2
0 1)
1.0 1.0 0.0 0.0
(2
0 1)
1.0 1.0 0.5 0.0
(2
0 1)
1.0 1.0 1.0 0.0]


sd:
[(1
)
2

(2
0 1)
3]


The optimal value is: 0.362867
-----------------------------

lcc:
[(1
)
0.0 1.0

(2
)
0.0 0.0 0.0 0.0
(2
)
0.0 0.0 0.5 0.0
(2
)
0.0 0.0 1.0 0.0
(2
)
0.0 0.5 0.0 0.0
(2
)
0.0 0.5 0.5 0.0
(2
)
0.0 0.5 1.0 0.0
(2
)
0.0 1.0 0.0 0.0
(2
)
0.0 1.0 0.5 0.0
(2
)
0.0 1.0 1.0 0.0
(2
)
0.5 0.0 0.0 0.0
(2
)
0.5 0.0 0.5 0.0
(2
)
0.5 0.0 1.0 0.0
(2
)
0.5 0.5 0.0 0.0
(2
)
0.5 0.5 0.5 0.0
(2
)
0.5 0.5 1.0 0.0
(2
)
0.5 1.0 0.0 0.0
(2
)
0.5 1.0 0.5 0.0
(2
)
0.5 1.0 1.0 0.0
(2
)
1.0 0.0 0.0 0.0
(2
)
1.0 0.0 0.5 0.0
(2
)
1.0 0.0 1.0 0.0
(2
)
1.0 0.5 0.0 0.0
(2
)
1.0 0.5 0.5 0.0
(2
)
1.0 0.5 1.0 0.0
(2
)
1.0 1.0 0.0 0.0
(2
)
1.0 1.0 0.5 0.0
(2
)
1.0 1.0 1.0 0.0]


sd:
[(1
)
2

(2
0 1)
3]


The optimal value is: 0.381587
-----------------------------

lcc:
[(1
)
0.0 1.0

(2
0 1)
0.0 0.0 0.0 0.0
(2
0 1)
0.0 0.0 0.5 0.0
(2
0 1)
0.0 0.0 1.0 0.0
(2
0 1)
0.0 0.5 0.0 0.0
(2
0 1)
0.0 0.5 0.5 0.0
(2
0 1)
0.0 0.5 1.0 0.0
(2
0 1)
0.0 1.0 0.0 0.0
(2
0 1)
0.0 1.0 0.5 0.0
(2
0 1)
0.0 1.0 1.0 0.0
(2
0 1)
0.5 0.0 0.0 0.0
(2
0 1)
0.5 0.0 0.5 0.0
(2
0 1)
0.5 0.0 1.0 0.0
(2
0 1)
0.5 0.5 0.0 0.0
(2
0 1)
0.5 0.5 0.5 0.0
(2
0 1)
0.5 0.5 1.0 0.0
(2
0 1)
0.5 1.0 0.0 0.0
(2
0 1)
0.5 1.0 0.5 0.0
(2
0 1)
0.5 1.0 1.0 0.0
(2
0 1)
1.0 0.0 0.0 0.0
(2
0 1)
1.0 0.0 0.5 0.0
(2
0 1)
1.0 0.0 1.0 0.0
(2
0 1)
1.0 0.5 0.0 0.0
(2
0 1)
1.0 0.5 0.5 0.0
(2
0 1)
1.0 0.5 1.0 0.0
(2
0 1)
1.0 1.0 0.0 0.0
(2
0 1)
1.0 1.0 0.5 0.0
(2
0 1)
1.0 1.0 1.0 0.0

(2
)
0.0 0.0 0.0 0.0
(2
)
0.0 0.0 0.5 0.0
(2
)
0.0 0.0 1.0 0.0
(2
)
0.0 0.5 0.0 0.0
(2
)
0.0 0.5 0.5 0.0
(2
)
0.0 0.5 1.0 0.0
(2
)
0.0 1.0 0.0 0.0
(2
)
0.0 1.0 0.5 0.0
(2
)
0.0 1.0 1.0 0.0
(2
)
0.5 0.0 0.0 0.0
(2
)
0.5 0.0 0.5 0.0
(2
)
0.5 0.0 1.0 0.0
(2
)
0.5 0.5 0.0 0.0
(2
)
0.5 0.5 0.5 0.0
(2
)
0.5 0.5 1.0 0.0
(2
)
0.5 1.0 0.0 0.0
(2
)
0.5 1.0 0.5 0.0
(2
)
0.5 1.0 1.0 0.0
(2
)
1.0 0.0 0.0 0.0
(2
)
1.0 0.0 0.5 0.0
(2
)
1.0 0.0 1.0 0.0
(2
)
1.0 0.5 0.0 0.0
(2
)
1.0 0.5 0.5 0.0
(2
)
1.0 0.5 1.0 0.0
(2
)
1.0 1.0 0.0 0.0
(2
)
1.0 1.0 0.5 0.0
(2
)
1.0 1.0 1.0 0.0]


sd:
[(1
)
2

(2
0 1)
3]


The optimal value is: 5.39593e-11
-----------------------------

lcc:
[(1
)
0.0 1.0

(2
0 1)
0.0 0.0 0.0 0.0
(2
0 1)
0.0 0.0 0.5 0.0
(2
0 1)
0.0 0.0 1.0 0.0
(2
0 1)
0.0 0.5 0.0 0.0
(2
0 1)
0.0 0.5 0.5 0.0
(2
0 1)
0.0 0.5 1.0 0.0
(2
0 1)
0.0 1.0 0.0 0.0
(2
0 1)
0.0 1.0 0.5 0.0
(2
0 1)
0.0 1.0 1.0 0.0
(2
0 1)
0.5 0.0 0.0 0.0
(2
0 1)
0.5 0.0 0.5 0.0
(2
0 1)
0.5 0.0 1.0 0.0
(2
0 1)
0.5 0.5 0.0 0.0
(2
0 1)
0.5 0.5 0.5 0.0
(2
0 1)
0.5 0.5 1.0 0.0
(2
0 1)
0.5 1.0 0.0 0.0
(2
0 1)
0.5 1.0 0.5 0.0
(2
0 1)
0.5 1.0 1.0 0.0
(2
0 1)
1.0 0.0 0.0 0.0
(2
0 1)
1.0 0.0 0.5 0.0
(2
0 1)
1.0 0.0 1.0 0.0
(2
0 1)
1.0 0.5 0.0 0.0
(2
0 1)
1.0 0.5 0.5 0.0
(2
0 1)
1.0 0.5 1.0 0.0
(2
0 1)
1.0 1.0 0.0 0.0
(2
0 1)
1.0 1.0 0.5 0.0
(2
0 1)
1.0 1.0 1.0 0.0]


sd:
[(1
)
2

(2
0 1)
3]


The optimal value is: 0.362867
-----------------------------

lcc:
[(1
)
0.0 0.0
(1
)
0.0 0.5
(1
)
0.0 1.0
(1
)
0.5 0.0
(1
)
0.5 0.5
(1
)
0.5 1.0
(1
)
1.0 0.0
(1
)
1.0 0.5
(1
)
1.0 1.0


(2
0 1)
0.0 0.0 0.0 0.0
(2
0 1)
0.0 0.0 0.5 0.0
(2
0 1)
0.0 0.0 1.0 0.0
(2
0 1)
0.0 0.5 0.0 0.0
(2
0 1)
0.0 0.5 0.5 0.0
(2
0 1)
0.0 0.5 1.0 0.0
(2
0 1)
0.0 1.0 0.0 0.0
(2
0 1)
0.0 1.0 0.5 0.0
(2
0 1)
0.0 1.0 1.0 0.0
(2
0 1)
0.5 0.0 0.0 0.0
(2
0 1)
0.5 0.0 0.5 0.0
(2
0 1)
0.5 0.0 1.0 0.0
(2
0 1)
0.5 0.5 0.0 0.0
(2
0 1)
0.5 0.5 0.5 0.0
(2
0 1)
0.5 0.5 1.0 0.0
(2
0 1)
0.5 1.0 0.0 0.0
(2
0 1)
0.5 1.0 0.5 0.0
(2
0 1)
0.5 1.0 1.0 0.0
(2
0 1)
1.0 0.0 0.0 0.0
(2
0 1)
1.0 0.0 0.5 0.0
(2
0 1)
1.0 0.0 1.0 0.0
(2
0 1)
1.0 0.5 0.0 0.0
(2
0 1)
1.0 0.5 0.5 0.0
(2
0 1)
1.0 0.5 1.0 0.0
(2
0 1)
1.0 1.0 0.0 0.0
(2
0 1)
1.0 1.0 0.5 0.0
(2
0 1)
1.0 1.0 1.0 0.0]


sd:
[(1
)
2

(2
0 1)
3]


The optimal value is: 0.362867
-----------------------------

